5201.877592296699
4310.365590628676
3922.851918041678
3733.9125668720635
3648.8479375883826
3453.6384880295936
3382.8282222359157
3341.498741425105
3289.8585092263993
3213.7085002559634
3199.4380096594095
3139.246122122824
3097.9007719739056
3012.890689211788
2978.010315927126
2973.7336399936476
2944.4946046342807
2923.211140186974
2888.081774564224
2858.8190833604453
2833.1786032436676
2798.0251541233774
2767.1600805635835
2762.2686540999107
2739.054202972268
2723.3530933126194
2690.9339359783376
2670.1762070477357
2657.9766985860037
2621.5552576263976
2617.060890024154
2613.001297119051
2599.114478384856
2591.918756102141
2587.3553195187014
2580.7305112880967
2570.8332177677344
2571.2595699272556
2542.7128269588484
2538.279372916112
2521.024298376294
2513.072186317885
2498.338127031514
2473.855996440097
2470.1791606815978
2460.4569441695066
2456.7122817373506
2453.3986151432714
2445.594389370868
2441.399314267279
2440.5420989220115
2436.523774340959
2430.2024773714757
2428.075740492541
2425.2736570105817
2422.546415244158
2416.7579644140474
