17.234390361724135	17.228925225540177	17.22604943237192	17.210318093579534	17.202277759898134	17.215976024154827	17.213503315645912	17.206096708794057	17.196478637542988	17.193800944036568	17.196239175076357
0.014113207150344061	0.014200860921678165	0.014100136627354359	0.013951102121380066	0.01404758320696459	0.014157566130447873	0.014079048989273615	0.014080624088999268	0.014059812348558564	0.014102230045482896	0.014218383123108462
0.08045379411955884	0.08062796964981629	0.0800905675954462	0.08061606827010499	0.08060363360993555	0.08070027123817491	0.08041606473928793	0.0816766160642701	0.08029138463289143	0.08080822125725207	0.08092108978448323
0.3488381941539958	0.34947419121395834	0.35141960117565024	0.3527125794698237	0.35207998796548445	0.3525454390081298	0.34915853018332416	0.35055159233296146	0.35292594105704495	0.35443149527985485	0.3557251066867503
0.13132805356243513	0.13200337833404355	0.1326258345339812	0.13191632868326386	0.1327607720792282	0.13271702623937992	0.13465637917320405	0.13456944690611897	0.13452455810425987	0.1352196014112121	0.1346849820575213
0.01906527487369085	0.01912928836269013	0.01890750096873949	0.01894599907401448	0.018822159037793374	0.018819696946499286	0.018709985493751843	0.018764869962463782	0.018692258347461507	0.018596937794083238	0.018835053892340088
0.06016521061375702	0.0601395607335638	0.059651417610874155	0.05960583771452141	0.059407999634650405	0.05959264552141395	0.060230103826362964	0.059931363413281216	0.060712913073940375	0.060486538728725565	0.05992582750879604
0.01550220757502679	0.015512696637192446	0.01551694910399078	0.01566432495218522	0.015732342947995488	0.01569075401624559	0.015716515703695564	0.015649366272616403	0.0153647688239645	0.015428328671326638	0.015357285074555443
0.017646943075313542	0.017690541283835813	0.017443986361834737	0.017671324586211484	0.01765470779031372	0.0174554003103108	0.017221112466365405	0.01720248114849012	0.017343074682204303	0.01734668877358348	0.01745765306935582
1.0269357852436871	1.0301997378337953	1.0376420689629893	1.046125491464243	1.0488546216351915	1.0436310675126497	1.042211300075663	1.049495535240241	1.0377238558366602	1.0300833397031592	1.0248449055946114
1.2699904862201468	1.267340763308855	1.2605062588354103	1.246579773546696	1.2455752030184695	1.2494309371237882	1.2515592079023057	1.239280902526178	1.2462261064989302	1.250138414243516	1.2518978057011878
1.6058801233662712	1.6234062924186048	1.6249075834967934	1.658836766772954	1.6679549470736998	1.6591769006931683	1.6915869176480804	1.6856106173856404	1.7050809950608414	1.7047126840245854	1.7041576549330135
0.10168819667272684	0.10152907970338963	0.10067624817588404	0.10041563395141695	0.09989289212412346	0.09986666333906043	0.09953820803603956	0.09862288665180974	0.09763018489362107	0.0976415904055176	0.09912957919970848
0.007381067953665018	0.007412488719004134	0.0073665994538633876	0.007368612792518435	0.007323041991099598	0.007346768183260979	0.0074322794667049	0.007471610291365433	0.007448402556822707	0.0075148577703030425	0.007394000607917045
0.024089922910743217	0.023898333446988128	0.02373350506710951	0.02413069901893122	0.024106873355486568	0.024351392002145183	0.02488335896747194	0.02477670545601001	0.024966943878768053	0.02481439975852266	0.02457226318986152
0.06938712025057654	0.06925834083081939	0.06867097760523194	0.06863456669073052	0.06920899508614907	0.06841551574139498	0.06721430516398828	0.06784715011603243	0.0681267644239892	0.06720618683961932	0.06726452213735344
0.010980335805179913	0.010863061709165423	0.010966434514410824	0.011027471253706969	0.011033157009383468	0.01104361078307532	0.0109540097842659	0.010831150537240375	0.010839505941270809	0.010819823047851134	0.01085796485439748
0.02235263379487094	0.022257737820649444	0.022473510642039448	0.022635848589718625	0.022422128959172543	0.022448063591410158	0.0227435572506428	0.02277173521246463	0.022831570559388673	0.02302268383941531	0.02288774901862548
0.010083129982138967	0.010045009971602384	0.010021892847559168	0.010125971448620655	0.010050068688599737	0.010044541472826475	0.01004287507224676	0.010126354217887396	0.010096096179184574	0.010040390822933898	0.009891441769672838
0.0468607995302615	0.04686559828373815	0.04667252969084985	0.047017147414183225	0.046758341707448504	0.046804360090510665	0.04676058300682341	0.04710743567794962	0.047168908221923475	0.04728780524182311	0.04757984410592807
0.021861173402644252	0.022048251679496395	0.022215330230450008	0.02222754401016037	0.022334044101565278	0.022366729059160775	0.022522295655264375	0.022477973088129318	0.022593876281950847	0.02242976191725919	0.022522917638217312
1.9851202679706585	1.981333229181107	1.970908874418329	1.987881902202647	1.976406846332866	1.983766899141971	1.9895641595237432	1.9732825733007042	1.9566934860988032	1.9381472574273138	1.9367032526623347
8.928971214666337	8.968605347036354	9.008491190102873	9.064225634773116	9.095324502352387	9.05142142988147	9.080300539331912	9.082363620619615	9.11571512653836	9.113972021478363	9.130218475397708
0.8856311776376238	0.8846313176643839	0.883014631363421	0.8818666964522865	0.8751503092748321	0.8769664501442934	0.8835266856344606	0.8771872466693768	0.8776451436550776	0.8643032195998642	0.8676014413763341
0.046157076667203006	0.046341682739451016	0.0460158420021782	0.04663620299044357	0.046374027295883254	0.04618101842087307	0.045905729397581876	0.04522395210701777	0.04461310775076668	0.045198165926961534	0.04479005539030846
0.014146188510234898	0.014177199123952945	0.01437955681171896	0.014434058346700682	0.014456291930217925	0.01434201881913143	0.014326341858623713	0.014436785190978418	0.01446398648115757	0.014447496785296181	0.014318058598906743
0.002627351268338135	0.0026154835113367213	0.0026235728461077167	0.002603892117579765	0.0026149500404688405	0.0026170447469885693	0.002560634127189612	0.002574032912410668	0.002596616126946712	0.002615728662862408	0.002582353758481414
1e-5	1e-5	1e-5	1e-5	1e-5	1e-5	1e-5	1e-5	1e-5	1e-5	1e-5
0.10589615377576005	0.10657479788414631	0.10713483456787083	0.10684301419560936	0.10694487678592476	0.10635720969107536	0.10598938631638104	0.10666237224504188	0.1059176935465111	0.10655831066097718	0.10543412268041315
0.9506200676958887	0.950476624221541	0.9507719689299191	0.9510784418876521	0.9510040381786397	0.9512260370736801	0.9511496937908356	0.9512789724499392	0.9511736395644045	0.9516623413015933	0.9510418351930576
0.6717008604929575	0.6766036327466931	0.674364190136539	0.6795062249391949	0.6779403550680472	0.6792056281081409	0.6718723167527634	0.6645143829331822	0.669344833507485	0.6655268206926851	0.6702104081920127
0.5916724460269754	0.5891878987635895	0.5863967413474296	0.5908056926359994	0.588846020584511	0.5906733143421935	0.5904312120531655	0.5949943764606581	0.6009482160172297	0.6023174575758151	0.6052657645813045
1.68886157105736	1.700957751299672	1.698145826100257	1.6911080146275557	1.6968265569907615	1.7024724005068024	1.740778591696659	1.7490568032522256	1.7271179408123336	1.7139236635605364	1.6761187427246973
0.9877172391767618	0.990156320256168	1.001587228611851	0.9983926760139479	0.9944774535806832	0.9991828866430837	1.0117989792493935	1.014760601858385	1.0091015962152443	0.9979108204681809	1.014729243355156
6.316149626162515	6.277136807162828	6.260019018190425	6.221737477747036	6.224845720181543	6.217239488512273	6.151421715340776	6.168694193103914	6.163158975447811	6.212587896146384	6.210529702277097
0.7836014095534665	0.7858107064824709	0.788785916756297	0.7901473749319965	0.7880551491587231	0.7915959072046566	0.7947070672947809	0.7905901802551221	0.8021670916149681	0.7995441115696907	0.8044855372861409
15.799333454676844	15.656859825644945	15.668906720625191	15.61412963518221	15.539850733564618	15.478548230709043	15.49962348771466	15.363058480223769	15.423719067696638	15.336543445246312	15.237283215603577
12.90372749558226	12.98784717284867	13.026485792102362	12.98088434823534	12.8773698141258	12.80701092164734	12.67986823095592	12.641950136738085	12.293694227888219	12.219349561612244	11.96859722786407
117.77129935452336	118.16230251501409	118.70542719782821	119.23240574203095	119.19948573536877	119.28666242796123	120.17034114418544	121.33977441159917	121.18186924211138	121.52530052858465	120.59889741440296
34.340118800594986	34.354516685136716	34.285025754155406	33.84786699192447	33.93074036951227	33.71036688676604	33.345331934966666	32.931451882818585	32.62803724497413	32.485934929914784	32.26193183761779
362.4407705460369	361.08804470189807	359.8723063726679	354.9317237696535	356.46775731443705	355.39453558712785	357.5643373071081	359.10005276936397	360.6239207884789	362.4232847290389	361.64736294334847
418.3268220309949	415.4266684059294	415.3357350648666	414.86035870970653	409.79703762661353	408.6552982267126	412.60686135491164	410.92855679414515	410.0706284615244	409.9089334383057	408.26125519378394
147.15960918699068	145.49976620527	147.84740762166405	146.34388879514117	146.33766788156245	145.379205302241	146.01568186396668	144.9766954691114	142.75246883755835	142.2067863709682	142.9723880343969
64.87731812339771	64.82991820707848	64.2289803073721	63.524560301371544	63.78614853454949	63.468756263478966	62.877925159732484	63.11205894518223	61.80624420673972	61.81870040439283	61.44492001362409
341.6194888106027	340.52274717788595	339.2970993709798	344.44724622017367	342.8905778200828	343.40776743445963	340.35798156684217	336.70323466071903	335.8417455630757	331.90436594664135	328.1096129219569
